0.2516130495731
-0.1432999562777
0.1723248906787
0.04614887258
-0.453297694948
0.4721469805741
0.2519557303484
0.2573277384187
0.1765716942166
-0.1472779352468
0.2109176911913
-0.3764070143205
-0.5663753974697
0.2319054211061
-0.1664379320433
-0.1074214013705
-0.4711985634335
0.5201644348463
-0.1105124738022
-0.2104590178011
0.0745741513786
0.4361421995757
-0.1789465229809
-0.067929170511
0.2174500315781
0.208664821275
0.2200188441861
-0.2547560701213
0.3196182258568
-0.0680660290591
-0.0134297583564
0.1328164812106
0.6788820135601
-0.3746504628426
0.7657531633021
0.3557092040209
-0.2996138684641
-0.3653690445971
0.2693455109359
0.3774970179125
-0.0940041268917
0.1160413789871
-0.0957919407152
-0.3809094991365
-0.1203503552049
0.2148394331057
-0.2439310688674
0.2449776711933
0.1026457380458
0.2162336959468
0.1257381727968
0.4723666855445
0.2829503814006
-0.1439618595292
0.1700029621039
-0.3217025411371
-0.5362977337802
-0.1931686039951
-0.2234166718359
0.0240997262648
0.0632818813481
-0.2158753339584
-0.3439975360384
-0.3434440876042
0.3275616108585
0.1608820832245
-0.2125122695335
0.0638300818583
-0.1392695672722
0.1387339551777
-0.2041552031889
0.2084222414151
-0.1858366553353
0.0469890738875
-0.4047844566759
0.0924131774584
0.3519929701066
0.0586138790498
0.0304766282531
-0.3248397123305
-0.1110030476886
-0.3268145909098
0.1273771671829
-0.4344468678312
0.3169709435226
0.3387375236376
0.5216114359097
0.0801118830649
-0.036100647344
-0.5387828818062
-0.2053327227335
-0.621176261316
0.0583875190659
-0.2078968267412
-0.2280167667265
0.0557642590706
-0.5924536351639
0.0165255190627
0.229372150604
-0.0183311674406
0.0831196622068
-0.1331511386423
0.1289596180464
-0.2756499710459
0.4033494394633
0.1400564149387
0.0126883826727
-0.0788951270504
-0.1332730921616
0.0473408115795
0.2770178327155
0.3398231760812
-0.0390987679487
0.381127654517
0.364402057329
-0.2183147133943
-0.3619003057557
-0.27272807224
0.2930205106762
-0.1672831728108
-0.0539078410445
-0.2249910518497
-0.1642893289701
-0.2215566143899
0.3350224087428
-0.3365889745408
0.0025754562735
-0.3353778178225
0.1574801613393
0.2973993814809
-0.1115629235277
-0.2221024822816
0.6115369420542
0.0922869990036
-0.1877392184857
0.0052702944657
-0.3963825172258
0.3499801340531
0.4514038337787
-0.6527550050737
-0.1362759692406
0.4286502306719
-0.2757260003142
-0.3104333456961
-0.2218967501192
0.0048279387047
-0.3051034438833
-0.0965485520136
-0.2223209604285
-0.42003983572
0.1669316173389
-0.2848445279685
0.3655241827008
-0.6584875911008
0.6939444108129
0.3220367171852
-0.2033628668748
-0.2960773091857
0.1066432929203
-0.3672190661968
-0.5679746241813
0.5180659812335
0.3234105530215
0.1249050614759
-0.5250185127079
-0.6075950731358
-0.2619859822126
0.2315162596248
-0.0340331171549
-0.253546073183
-0.3202805606991
-0.2424709384898
-0.2555644582761
0.0921188974461
-0.4022286702222
0.6748390194153
-0.1819374076979
-0.4518998859579
0.1560294765577
-0.1722244888051
-0.2048082565189
-0.2360302608451
0.0732991509563
0.5468397846202
0.2428108807544
0.3483661391653
-0.2070003693927
0.2663242733665
0.0132013497488
0.265715580363
0.0831913703668
0.3427593733248
0.613361533268
0.2864331759705
-0.7277445927778
0.2981283041729
0.1292110636827
0.2551711092425
-0.0898024192069
-0.1584991481504
-0.3398492948246
0.0876223191524
0.1575076689362
-0.0453141061009
0.3244264465853
-0.1833039411553
-0.0383564815273
-0.8662334742445
0.2683468299859
-0.5106258973077
0.2141341118827
-0.2697384728438
0.0451696796261
0.2381003018768
-0.1295685022451
0.1654334929652
-0.0648206051086
-0.5297631630083
-0.1493319642707
-0.1896541906148
-0.0560099539122
-0.135119678926
0.1397271193681
-0.2751469457272
-0.0196421340143
-0.2079914257442
-0.168143080067
0.5217848438945
0.2278706108914
0.0731703852868
-0.2885890879777
-0.209067735908
-0.108090779969
0.1632560977762
0.1730398736418
-0.3998747793203
0.1022652004734
0.2139532663399
0.3781984290976
0.0667515309523
-0.0765970067345
-0.7876069567061
0.075670975829
-0.558715006987
-0.3640843024482
0.2432814753723
-0.0329463801971
-0.0990472336834
0.1394937836509
-0.6173491332793
-0.3390687872881
-0.0673288572138
-0.1885054229387
-0.2650182973942
0.0567682228303
-0.0669388928839
