-9.419608107421844
-19.34946382189404
-7.613392755884927
-11.292858269936794
-9.247499648690773
-12.662638640668002
-6.282622553435402
-16.22768031930901
-6.794614865925475
-7.555511091212022
-5.379906592459097
-8.725521007957237
-22.776617280394674
-13.87297922876984
-13.70159474557647
-8.347234385399592
-15.33011356989595
-11.54999461606415
-7.299073478790202
-10.602395820044913
-7.251229656747341
-13.277916522519705
-12.86600832615152
-12.075284111994218
-13.752602823669532
-40.48819348766469
-8.132099837592701
-14.234728159001538
-13.982037183474326
-12.801178463725392
-15.329676132454585
-7.965438052342513
-11.922698418797703
-9.873786004589943
-16.739598222842766
-20.50393434375338
-19.093602430710973
-9.078075898145492
-14.319090039167323
-4.881209240867413
-7.631012951820658
-14.254359081936471
-15.802613112128702
-11.352990188494518
-12.21354046304483
-11.554516238769851
-8.177842678713834
-12.395493814961554
-16.060980045052172
-12.987526467583287
-14.285134304562323
-5.1594566229523195
-7.361771976018332
-8.931058247640209
-9.314240138728326
-10.75125417381075
-11.327546208739562
-6.97381053862485
-12.230151062054222
-10.86415282484661
-11.908869603295301
-11.735801275518595
-13.832314313641003
-18.860597655020143
-16.116106351632943
-16.223623127161762
-5.542051161417941
-12.898717710541693
-4.392583402699206
-10.924098488655849
-12.06041659462205
-15.184433422961806
-7.530074866328924
-13.354448431090134
-11.163344013427105
-15.35849078774683
-8.962254648127878
-16.77512861446779
-12.088476236050154
-14.837729474662154
-12.290839489749667
-12.729742224173103
-24.83347486906936
-16.951395167059058
-6.7988759576717825
-10.01076450184859
-5.770825212329143
-19.158636152080692
-9.383288005561106
-9.389215430536456
-11.528925137914241
-10.111996906655431
-6.617108701659117
-13.808715840044872
-10.389405082192688
-11.957574584434525
-14.570439416050673
-14.213454880138723
-5.5241067554504255
-4.441076385998322
-22.112772503457514
-14.120889231753434
-12.21767678637978
-10.2912013590885
-13.087079397331403
-14.08064684489787
-9.579124345711868
-19.88741574966856
-6.2976406623687495
-10.069557505217999
-16.154115201438124
-9.962623382960846
-24.154905310835776
-3.0635342930676295
17.851065104779593
-5.703513084292336
-4.362942751775954
-11.852581460934484
-3.4025969205492927
-18.535773849356598
-10.072086408444358
-6.4791502090297115
-11.819325633739581
-12.10927942852388
-19.50732082806082
-5.665645651556094
-13.920921140289792
-15.084307045854517
-7.804184566145896
-15.084307045853409
-13.920921140288634
-5.665645651555646
-19.507320828061175
-12.109279428524328
-11.819325633740071
-6.479150209029655
-10.072086408443388
-18.535773849357472
-3.4025969205489943
-11.852581460933472
-4.362942751775552
-5.703513084291238
17.851065104779607
-3.0635342930667235
-24.15490531082859
-9.962623382960373
-16.15411520143631
-10.06955750521725
-6.297640662368963
-19.887415749668833
-9.5791243457119
-14.080646844898228
-13.087079397331042
-10.291201359087873
-12.217676786379151
-14.120889231752804
-22.112772503460125
-4.441076385998269
-5.524106755450635
-14.213454880137721
-14.570439416051844
-11.95757458443409
-10.389405082192775
-13.80871584004608
-6.617108701659159
-10.111996906655332
-11.528925137913825
-9.389215430536836
-9.383288005561036
-19.158636152080877
-5.7708252123297825
-10.010764501848598
-6.798875957671935
-16.951395167058628
-24.833474869067693
-12.729742224173668
-12.290839489749409
-14.837729474662249
-12.088476236049654
-16.77512861447013
-8.962254648127471
-15.358490787746895
-11.16334401342701
-13.354448431090141
-7.5300748663293895
-15.184433422958618
-12.060416594622428
-10.924098488655385
-4.392583402699252
-12.898717710541842
-5.54205116141803
-16.223623127162227
-16.116106351632077
-18.860597655019237
-13.832314313640783
-11.73580127551832
-11.908869603295352
-10.864152824846261
-12.230151062055139
-6.973810538625472
-11.327546208741548
-10.75125417381049
-9.314240138728069
-8.931058247641275
-7.361771976018307
-5.1594566229516445
-14.28513430456229
-12.98752646758399
-16.06098004505138
-12.395493814958087
-8.177842678714006
-11.554516238769597
-12.213540463043962
-11.352990188494243
-15.80261311213031
-14.25435908193728
-7.631012951820562
-4.881209240867218
-14.319090039165198
-9.078075898145892
-19.09360243071058
-20.50393434375184
-16.739598222845675
-9.873786004589684
-11.92269841879857
-7.965438052342044
-15.329676132455536
-12.801178463726519
-13.982037183474826
-14.234728158998953
-8.132099837593476
-40.488193487654016
-13.752602823669244
-12.075284111994346
-12.866008326151475
-13.277916522519995
-7.251229656747
-10.602395820044531
-7.299073478790817
-11.549994616064174
-15.330113569896842
-8.347234385399663
-13.701594745576175
-13.872979228772762
-22.77661728039611
-8.725521007957301
-5.379906592459051
-7.555511091212434
-6.794614865925023
-16.22768031931087
-6.282622553435605
-12.662638640669979
-9.247499648690855
-11.292858269937625
-7.613392755884803
-19.349463821896073
